name: ete3
channels:
  - etetoolkit
  - conda-forge
dependencies:
  - _libgcc_mutex=0.1=conda_forge
  - _openmp_mutex=4.5=2_gnu
  - alsa-lib=1.2.7.2=h166bdaf_0
  - argtable2=2.13=0
  - bzip2=1.0.8=hd590300_5
  - ca-certificates=2024.2.2=hbcca054_0
  - clustalo=1.2.4=h4346872_0
  - dbus=1.13.6=h5008d03_3
  - dialigntx=1.0.2=hdce4c0c_0
  - ete3=3.1.3=pyh1d129d4_0
  - ete_toolchain=3.0.0=h73706c9_0
  - expat=2.6.2=h59595ed_0
  - fasttree=2.1=hdfd2403_0
  - font-ttf-dejavu-sans-mono=2.37=hab24e00_0
  - font-ttf-inconsolata=3.000=h77eed37_0
  - font-ttf-source-code-pro=2.038=h77eed37_0
  - font-ttf-ubuntu=0.83=h77eed37_1
  - fontconfig=2.14.2=h14ed4e7_0
  - fonts-conda-ecosystem=1=0
  - fonts-conda-forge=1=0
  - freetype=2.12.1=h267a509_2
  - gettext=0.21.1=h27087fc_0
  - glib=2.80.0=hf2295e7_1
  - glib-tools=2.80.0=hde27a5a_1
  - gst-plugins-base=1.20.3=h57caac4_2
  - gstreamer=1.20.3=hd4edc92_2
  - icu=69.1=h9c3ff4c_0
  - iqtree=1.5.5=he390d98_0
  - jpeg=9e=h0b41bf4_3
  - kalign=2.03=h29c49b8_0
  - keyutils=1.6.1=h166bdaf_0
  - krb5=1.20.1=hf9c8cef_0
  - ld_impl_linux-64=2.40=h41732ed_0
  - libblas=3.9.0=20_linux64_openblas
  - libcblas=3.9.0=20_linux64_openblas
  - libclang=13.0.1=default_h7634d5b_6
  - libedit=3.1.20191231=he28a2e2_2
  - libevent=2.1.10=h9b69904_4
  - libexpat=2.6.2=h59595ed_0
  - libffi=3.4.2=h7f98852_5
  - libgcc=7.2.0=h69d50b8_2
  - libgcc-ng=13.2.0=h807b86a_5
  - libgfortran-ng=13.2.0=h69a702a_5
  - libgfortran5=13.2.0=ha4646dd_5
  - libglib=2.80.0=hf2295e7_1
  - libgomp=13.2.0=h807b86a_5
  - libiconv=1.17=hd590300_2
  - liblapack=3.9.0=20_linux64_openblas
  - libllvm13=13.0.1=hf817b99_2
  - libnsl=2.0.1=hd590300_0
  - libogg=1.3.4=h7f98852_1
  - libopenblas=0.3.25=pthreads_h413a1c8_0
  - libopus=1.3.1=h7f98852_1
  - libpng=1.6.43=h2797004_0
  - libpq=14.5=h2baec63_5
  - libsqlite=3.45.2=h2797004_0
  - libstdcxx-ng=13.2.0=h7e041cc_5
  - libuuid=2.38.1=h0b41bf4_0
  - libvorbis=1.3.7=h9c3ff4c_0
  - libxcb=1.13=h7f98852_1004
  - libxkbcommon=1.0.3=he3ba5ed_0
  - libxml2=2.9.14=haae042b_4
  - libxslt=1.1.33=h0ef7038_3
  - libzlib=1.2.13=hd590300_5
  - lxml=4.6.3=py36h04a5ba7_0
  - mafft=6.861=h7f9ae3c_0
  - muscle=3.8.31=he5e28f3_0
  - mysql-common=8.0.32=h14678bc_0
  - mysql-libs=8.0.32=h54cf53e_0
  - ncurses=6.4.20240210=h59595ed_0
  - nspr=4.35=h27087fc_0
  - nss=3.98=h1d7d5a4_0
  - numpy=1.19.5=py36hfc0c790_2
  - openblas=0.3.25=pthreads_h7a3da1a_0
  - openssl=1.1.1w=hd590300_0
  - paml=4.8=h48adae2_0
  - pcre2=10.43=hcad00b1_0
  - phylobayes=4.1c=hac87e47_0
  - phyml=20160115.patched=hee5dff1_0
  - pip=21.3.1=pyhd8ed1ab_0
  - pmodeltest=1.4=py36h545a9a4_0
  - pthread-stubs=0.4=h36c2ea0_1001
  - pyqt=5.12.3=py36h5fab9bb_7
  - pyqt-impl=5.12.3=py36h7ec31b9_7
  - pyqt5-sip=4.19.18=py36hc4f0c31_7
  - pyqtchart=5.12=py36h7ec31b9_7
  - pyqtwebengine=5.12.1=py36h7ec31b9_7
  - python=3.6.15=hb7a2778_0_cpython
  - python_abi=3.6=2_cp36m
  - qt=5.12.9=h1304e3e_6
  - raxml=8.2.11=h6db2ed4_0
  - readline=8.2=h8228510_1
  - scipy=1.5.3=py36h81d768a_1
  - setuptools=58.0.4=py36h5fab9bb_2
  - six=1.16.0=pyh6c4a22f_0
  - slr=1.4.3=h816ab49_0
  - sqlite=3.45.2=h2c6b66d_0
  - t_coffee=11.00=h99d273f_0
  - tk=8.6.13=noxft_h4845f30_101
  - trimal=1.4=h87cb4c3_0
  - wheel=0.37.1=pyhd8ed1ab_0
  - xorg-libxau=1.0.11=hd590300_0
  - xorg-libxdmcp=1.1.3=h7f98852_0
  - xz=5.2.6=h166bdaf_0
  - zlib=1.2.13=hd590300_5
  - zstd=1.5.5=hfc55251_0
